              precision    recall  f1-score   support

           0       0.79      0.39      0.52      1000
           1       0.59      0.66      0.62      1000
           2       0.66      0.57      0.61      1000
           3       0.34      0.25      0.29      1000
           4       0.67      0.54      0.60      1000
           5       0.52      0.73      0.61      1000
           6       0.59      0.54      0.56      1000
           7       0.83      1.00      0.90      1000
           8       0.54      0.77      0.64      1000
           9       0.54      0.56      0.55      1000

    accuracy                           0.60     10000
   macro avg       0.61      0.60      0.59     10000
weighted avg       0.61      0.60      0.59     10000

